0  -0  0  0  0  0  
0.00330976  0.00196563  -0.00243909  -0.787111  2.68689  -3.0195  
0.0296331  0.00182904  0.000192307  -0.706839  2.04155  -4.63894  
0.0729254  0.0105058  -0.00171342  -0.879518  3.34662  -8.76375  
0.0209146  -0.00982221  -0.00015605  -0.722541  2.00811  -4.72736  
0.0579956  0.00470615  0.007491  -0.432242  2.75775  -7.71872  
-0.0155766  0.0851595  -0.00740122  -2.86892  3.40227  -7.55988  
0.0586599  0.0842857  -0.0153893  -2.26906  2.64995  3.81888  
0.0750021  0.00109079  -0.0196651  -1.06439  4.97725  -7.53993  
0.102923  0.040056  -0.0119088  -0.399673  5.74665  -8.3036  
0.0426794  0.0489079  -0.0134367  -1.90481  4.33064  -9.20468  
0.0437053  0.0574894  -0.00766073  -1.02248  1.7325  4.50308  
0.0493116  0.0361707  -0.00873202  -0.621966  2.1774  3.96065  
0.0313687  -0.00383337  -0.00217778  -0.778537  0.987981  -3.93834  
0.00140468  0.000279915  -0.0180611  -1.79559  0.87194  -7.24453  
0.0138736  0.0122746  0.00108565  -0.537559  1.20856  1.33064  
0.0324829  0.00287886  -0.0115639  -0.822448  3.20908  -4.25788  
0.0346319  0.00459248  -0.0228725  -1.66055  2.06947  -3.50861  
0.0341846  0.00162388  -0.0186366  -1.76153  1.18155  -4.5604  
0.020012  0.0189087  -0.0275997  -1.23596  4.06923  -8.19235  
0.021759  0.0284572  0.0107601  -1.72025  1.71132  -6.47975  
0.00141088  0.000424427  0.000260028  -0.0828269  0.0452837  0.296564  
0.0301129  0.00180293  -0.000509813  -0.743654  1.18444  -4.02985  
0.0245576  -0.000857753  -0.00050769  -0.706683  1.49548  -5.15061  
0.0494504  0.000436179  4.15645e-05  -0.726894  4.21153  -6.84413  
0.0339425  0.000937649  -0.000535271  -0.681117  1.26604  -3.67255  
0.0600951  -0.000115571  -0.000541054  -0.733915  3.74137  -6.24488  
0.0572976  0.00043996  -5.95731e-05  -0.761338  3.51405  -5.67081  
0.0539526  -0.00527072  -0.000878404  -0.710103  0.994348  -7.23599  
0.0138368  0.000750581  -0.000216811  -0.717623  1.08791  -2.54327  
0.0257694  -0.0262722  0.0012584  -1.09819  8.10131  -8.19607  
0.0706187  -0.00475442  -0.0136138  -1.31594  1.96673  -7.73446  
0.0979685  0.0142054  -0.00988948  -0.253754  5.36282  -7.5476  
0.0256503  0.00133271  -0.000403764  -0.764425  9.68421  -7.97729  
0.073574  -0.00662747  0.000158682  -0.699915  1.74479  -4.95595  
0.0672903  0.000780018  -0.000443181  -0.74771  6.069  -8.35626  
0.0944714  -0.00306028  -0.0119816  -1.16088  2.1635  -6.67918  
0.082906  -0.0152675  -0.0232112  -1.71863  10.3632  -8.37001  
0.0251575  0.0012528  -0.0128628  -1.54857  9.03459  -8.78991  
0.117402  -0.0204341  -0.00892541  0.0872118  4.59592  -9.18768  
0.121667  0.0247732  -0.0219054  -1.60787  13.1385  -9.37304  
0.077655  0.00340373  -0.00956249  -1.30821  10.8546  -8.58788  
0.0054061  0.00193754  0.000811957  -0.0193203  0.147882  0.416552  
0.0331988  -0.00132025  -0.000331294  -0.706396  1.32368  -4.20649  
0.00854736  -0.00102614  -0.000163306  -0.720493  1.38213  -3.15591  
0.0113927  0.00108135  0.000272611  -0.70525  1.80731  -2.33448  
0.0250922  0.0422966  0.000110032  -2.11026  1.23523  5.28229  
0.0263311  0.0203457  -0.011176  -0.716799  1.5752  -7.28414  
0.0397703  0.0326988  -0.00335585  -1.94127  0.851197  -7.74983  
0.0135931  -0.00646606  0.00524452  -1.00029  1.4297  5.35288  
-0.0455087  0.000438031  2.71013e-05  -0.727806  -2.40281  5.80174  
0.0654883  0.00621061  -0.0162801  -1.61762  0.871156  4.58477  
-0.0342498  -0.000812324  -0.00887987  -1.36129  1.60347  4.09019  
0.012874  0.00570532  -0.0140095  -1.77276  1.16354  -1.86824  
-0.0137062  -0.00366925  0.0011884  -0.75917  0.0842874  -5.2836  
-0.0310621  0.0345571  -0.00257198  -1.23559  0.844688  7.18049  
0.0308719  -0.00387197  0.000299129  -0.740184  0.992883  -4.51055  
0.0299109  -0.00305808  -0.000442186  -0.72104  0.313688  -4.55063  
0.0114532  -0.00722752  0.00901591  -0.338753  1.46624  -2.3321  
0.0394603  -0.0186278  -0.00286561  -0.795252  1.42929  -3.4402  
0.0356336  0.000628245  -0.000382133  -0.756434  1.20012  -3.84863  
0.0692227  -0.00525842  -0.0019312  -0.674769  8.54753  -7.28141  
0.0367619  -0.000895035  -0.00304475  -0.815482  0.529584  -3.98413  
-0.00401055  -8.61727e-05  3.66485e-05  -0.037658  -0.025612  0.828324  
0.0180413  0.0348797  -0.00238945  -0.288535  1.65992  -3.85972  
0.00859589  -0.00963866  0.0166991  0.4733  0.85809  -1.81218  
0.0436717  0.00760608  0.023553  0.506018  2.16153  -3.65794  
0.0166892  0.0160428  0.0257306  0.536617  4.5603  -5.32892  
0.014641  -0.00283833  0.00900067  -0.367145  1.01844  -1.77524  
0.0300282  -0.00246686  -0.000240109  -0.750431  1.50939  -4.90775  
0.0513596  0.0222758  0.0157249  -0.151098  1.44672  -4.96373  
0.036313  -0.000104892  -0.000194641  -0.7244  1.18959  -3.57819  
0.032861  -0.00804338  0.00840544  0.0757851  1.13692  -2.91584  
0.047539  -0.00130197  -0.000227479  -0.728387  1.70188  -2.77802  
0.0509526  -0.000402835  -0.000734222  -0.806245  1.59869  -6.11212  
0.0415402  -0.00121316  -0.000593428  -0.766721  1.11415  -6.17946  
0.0479622  -0.00814212  -0.0101884  -1.37276  1.31127  -5.69752  
0.0498814  0.00503698  -0.0218332  -0.729579  6.91753  -6.6008  
0.0747498  0.0178747  -0.0121151  -0.671564  4.15825  -6.40734  
0.0290252  0.0015503  -0.000862986  -0.757457  5.24947  -8.54488  
0.0678479  -0.00162615  -0.000492776  -0.750746  3.34281  -8.63348  
0.0708959  0.00266891  -0.00186118  -0.749665  3.38742  -7.86015  
0.055873  0.00467887  -0.0134339  -0.726173  6.63484  -8.52641  
0.0238481  -0.000907311  -0.000285997  -0.784629  5.83241  -8.4273  
0.00160915  -8.6287e-06  0.00203794  0.0977153  0.0889094  0.977914  
0.0318685  0.0181156  0.000617348  -1.05575  0.577498  -5.68932  
0.00944105  0.00665767  0.00637181  -0.652631  1.15244  -2.43699  
0.00908959  0.0492639  -0.00435479  -0.166391  2.32658  -7.0061  
0.0107141  0.00903047  0.0130499  -0.804391  2.23018  -6.95239  
0.0205723  0.00441236  -0.0175728  -1.71993  1.57941  -3.94868  
0.00604159  -0.0241189  -0.0358136  -0.986577  2.87537  -4.67749  
-0.020088  0.00375979  0.000402948  -0.737069  2.48563  -5.39341  
0.0147348  0.00528023  -0.00111052  -0.728838  0.609163  -0.292221  
0.0365992  -0.0053416  -0.010667  -0.750919  1.38083  -3.09773  
0.027488  -0.0047667  -0.0163759  0.251453  1.89286  -5.47092  
0.057343  -0.00236425  -0.000497112  -0.723971  7.70754  -6.98569  
0.0303091  -0.00116488  -0.00112697  -0.766579  1.15818  -3.93423  
0.0646992  0.00168923  -0.000779106  -0.722418  3.37114  -6.28587  
0.0509236  0.000546315  -0.00742473  -0.561864  4.09276  -6.81688  
0.0470589  -0.0096961  -0.0107364  -1.09498  5.99586  -6.77979  
0.0627871  -0.00162252  -0.013806  -0.0880156  2.91588  -6.70427  
0.0518808  0.000743766  -0.0170974  -1.67998  0.935259  -3.59371  
0.0854742  -0.0171485  -0.0151308  -1.26884  1.55291  -6.01446  
0.0165783  -0.000473718  -5.7298e-05  -0.73717  0.603147  -1.98866  
0.0320194  -0.00294048  -0.011584  -0.0644635  3.59677  -4.8575  
0.0291655  0.00022528  0.000864213  -0.720698  1.18436  -1.1178  
-0.00854792  0.00379828  0.000507743  0.128912  -0.0668181  1.44559  
0.0100257  -0.00230897  0.0015426  -0.710476  2.39268  -2.22254  
0.00885595  0.000554019  -0.000410349  -0.718365  0.874301  -1.71748  
0.00997394  0.000942822  -0.000487019  -0.759424  1.74871  2.03076  
0.0281207  -0.00231497  -0.000639896  -0.724556  1.33927  -5.51087  
0.000546421  0.00126777  -8.34696e-05  -0.697921  1.24743  -1.74401  
0.0152035  -0.00369251  -0.000201302  -0.482135  1.1743  -2.0249  
0.0162308  0.00104742  -0.0113538  -1.24331  1.0714  -2.16202  
0.0133963  -0.00211511  -0.0179552  0.0102156  1.45012  -2.34624  
0.0248804  0.000535473  -0.000443572  -0.752788  1.10736  -1.51514  
0.0634536  0.00343407  0.000456067  -0.741939  2.51818  -6.28934  
0.114983  -0.0173222  -0.00803749  -0.944161  5.99709  -8.49093  
0.0585583  0.00187728  0.00017924  -0.738761  6.3995  -5.32327  
0.0788548  0.0362687  -0.00461486  -1.68739  2.74128  -7.13465  
0.110526  0.0100904  0.00469952  -0.632046  9.29448  -7.90181  
0.0795666  -0.000685065  0.0072352  -0.481601  7.73176  -7.94184  
0.0386694  0.00890318  -0.00276528  -0.647773  1.17907  -1.60216  
0.0431383  -0.00524471  0.00095584  -0.708156  8.179  -7.50298  
0.0604001  0.00108278  -0.0267639  -1.68025  9.68121  -6.31228  
0.043091  -0.0138268  -0.0123546  -0.674413  1.22893  -2.89228  
0.0610976  0.00192411  0.000264473  -0.718397  2.69551  -3.2455  
-0.00558121  0.00247656  0.000566235  0.220892  -0.127015  1.93898  
0.0510141  0.000392993  -0.000943892  -0.770223  4.19033  -6.59578  
0.042838  -0.000261008  -0.000979141  -0.74484  0.468014  -3.51672  
-0.00791456  -0.0234372  -0.020272  -1.95411  1.22315  -0.451168  
0.0198799  -0.0034299  -0.00110301  -0.718664  1.24512  -3.24817  
0.0343508  -0.000202375  -3.44422e-05  -0.719761  1.61879  -4.50915  
0.0350665  -0.00644727  -0.004549  -0.711438  1.15803  -0.344306  
0.00633926  0.00667592  -0.0166489  -1.56584  0.9206  0.0211899  
-0.0125108  -0.00927334  -0.0193452  -1.52293  0.776965  0.486727  
0.0135989  -0.00965514  -0.0183522  -1.14111  1.00932  -3.41319  
-0.0016968  -0.00761698  -0.0189104  -1.68889  1.19167  -1.3704  
0.012203  -0.00133375  -0.0160863  -1.8403  1.60891  -0.223819  
0.0401542  0.00187164  -0.00237016  -0.748543  1.43314  -3.33173  
0.0568887  0.00140109  -0.016791  -1.53081  8.79709  -5.63529  
0.034548  -0.0077488  -0.0141607  0.0787066  5.23444  -5.45079  
0.0547637  -0.000472412  -0.00206712  -0.741457  2.49164  -5.14515  
0.0594143  -0.00136411  -0.00428421  -0.627987  3.16951  -6.24765  
0.0831204  -0.00188397  -0.0179181  -0.0161244  4.9163  -7.0847  
0.0136816  -0.00578784  -0.0114626  0.0791451  1.71815  -2.03802  
-0.010628  0.0213193  -0.0427048  -3.17871  2.90314  -0.514874  
0.013015  0.00331167  -0.00181511  -0.693917  0.854645  -1.20906  
-0.00628191  0.00238923  -0.00020019  0.186064  0.00467743  2.28885  
0.0143283  -0.000735344  -0.000209006  -0.755493  2.32958  -3.65479  
0.05088  -0.00471948  -0.0123918  0.0415343  2.07568  -6.43921  
0.0684658  0.0196997  0.0017679  -0.626166  3.22224  5.78543  
0.0271688  0.00171482  -0.000379333  -0.789097  1.83098  -4.4272  
0.0278645  0.00171058  -7.40103e-05  -0.760008  1.8415  1.4974  
0.0507397  0.00374034  0.000494172  -0.709162  3.47254  6.09396  
0.0192987  0.0460604  -0.0101561  -2.20858  1.88477  4.02913  
0.0697466  0.00575541  0.00032243  -0.644153  2.73969  -7.22528  
0.0249902  0.031776  -0.00391448  -0.0975383  2.40762  4.7396  
0.0721178  0.0324595  0.000348936  -2.10063  3.4561  4.74763  
0.0239642  -0.0184487  -0.0150064  -0.757893  1.64399  -4.43724  
0.0833529  0.0256096  -0.0157553  -1.12509  4.62918  -8.15061  
0.0424831  -0.000417028  -0.0502855  -2.38825  4.52223  -4.85173  
0.0152153  0.0316372  0.00598908  0.764497  2.18354  5.94497  
0.0218924  0.00096711  -0.0005692  -0.690672  1.86572  -0.635255  
0.0278973  0.0317234  -0.0150143  -0.664322  1.99923  0.600756  
0.0578691  0.0011658  -0.0178315  -1.64109  11.2992  -6.53281  
0.00582582  0.00851041  -0.00358799  -0.727126  2.6623  -2.86732  
0.0281305  0.00400109  -0.000619814  -0.719218  1.57281  -2.44177  
0.0581172  0.0254376  0.00650398  -0.906676  2.85246  -4.31109  
-0.00946511  0.00540989  0.0015529  0.304496  0.00119007  2.70656  
0.00325743  0.0247778  -0.0354609  -1.48102  3.63278  -5.59083  
0.00208717  0.0307063  -0.0240188  -1.9518  3.6208  -0.652312  
0.0536546  0.0120063  -0.0153455  -1.54184  2.78925  -5.71383  
0.0092166  -0.00395733  -0.0260792  -1.40153  3.47206  -2.16876  
0.0397361  -0.0125718  -0.0171045  -1.36165  0.804767  -7.33589  
0.00149409  0.000231075  -0.0177168  -1.22701  1.27274  -0.270991  
0.0265347  0.0023238  -0.0446641  -1.84012  3.71528  -5.06168  
0.00360678  0.00614715  0.000600421  -0.732315  1.27035  -2.77011  
0.0159921  -0.000836713  -0.00166152  -0.68993  0.825659  -1.76601  
0.0295831  -0.00311379  -0.00217845  -0.749797  1.09463  -1.76034  
0.0278793  -0.0306252  0.000927089  -0.0203283  9.25681  -7.54178  
0.119827  -0.00699494  -0.0202955  0.106281  13.5615  -8.83519  
0.191987  0.0210646  0.00210769  -0.926457  14.1962  -11.1367  
0.215498  0.00237298  -0.000304639  -0.749864  15.2085  -12.1895  
0.151469  0.00264024  9.34107e-05  -0.748387  6.12237  -2.75149  
0.119628  0.000796972  0.000909385  -0.684491  4.92189  7.06299  
0.161401  0.00369177  -0.000391442  -0.698062  3.74079  -3.11568  
0.0197635  0.00651803  -3.4308e-05  -0.641019  7.90568  -0.497193  
0.10994  0.00109294  0.00014509  -0.715219  3.98643  -6.03601  
-0.0136121  0.00448725  0.00223144  0.376487  -0.062233  2.90574  
